test_insert: PASSED
test_rebuild: PASSED
test_erase: PASSED


79 (1, 79)

79 (2, 81)
    2 (1, 2)

2 (1, 2)

    90 (1, 90)
2 (2, 92)

    90 (2, 148)
        58 (1, 58)
2 (3, 150)

90 (2, 148)
    58 (1, 58)

90 (3, 175)
    58 (2, 85)
        27 (1, 27)

    92 (1, 92)
90 (4, 267)
    58 (2, 85)
        27 (1, 27)

    92 (1, 92)
90 (3, 209)
    27 (1, 27)

    92 (1, 92)
90 (4, 250)
        41 (1, 41)
    27 (2, 68)

    92 (1, 92)
90 (3, 209)
    27 (1, 27)

    92 (1, 92)
90 (4, 248)
        39 (1, 39)
    27 (2, 66)

    92 (1, 92)
90 (3, 221)
    39 (1, 39)

    92 (1, 92)
90 (4, 311)
        90 (1, 90)
    39 (2, 129)

    92 (1, 92)
90 (5, 352)
        90 (2, 131)
            41 (1, 41)
    39 (3, 170)

92 (4, 262)
        90 (2, 131)
            41 (1, 41)
    39 (3, 170)

92 (3, 221)
        90 (1, 90)
    39 (2, 129)

92 (4, 288)
        90 (2, 157)
            67 (1, 67)
    39 (3, 196)

        92 (1, 92)
    90 (2, 182)
67 (5, 335)
        47 (1, 47)
    39 (2, 86)

    92 (1, 92)
67 (4, 245)
        47 (1, 47)
    39 (2, 86)

    92 (1, 92)
67 (5, 260)
        47 (1, 47)
    39 (3, 101)
        15 (1, 15)

test_query_kth: PASSED

90 (1, 90)


90 (2, 93)
    3 (1, 3)


90 (3, 100)
        7 (1, 7)
    3 (2, 10)


90 (2, 93)
    3 (1, 3)


90 (3, 108)
        15 (1, 15)
    3 (2, 18)


90 (2, 93)
    3 (1, 3)


90 (3, 157)
        64 (1, 64)
    3 (2, 67)


    64 (1, 64)
3 (2, 67)


    64 (2, 100)
        36 (1, 36)
3 (3, 103)


        83 (1, 83)
    64 (3, 183)
        36 (1, 36)
3 (4, 186)


    83 (1, 83)
64 (3, 183)
    36 (1, 36)


    83 (1, 83)
64 (4, 195)
    36 (2, 48)
        12 (1, 12)


    83 (2, 161)
        78 (1, 78)
64 (5, 273)
    36 (2, 48)
        12 (1, 12)


    83 (2, 161)
        78 (1, 78)
64 (4, 261)
    36 (1, 36)


    83 (3, 229)
        78 (2, 146)
            68 (1, 68)
64 (5, 329)
    36 (1, 36)


    83 (2, 161)
        78 (1, 78)
68 (4, 265)
    36 (1, 36)


    83 (3, 240)
            79 (1, 79)
        78 (2, 157)
68 (5, 344)
    36 (1, 36)


    83 (3, 240)
            79 (1, 79)
        78 (2, 157)
68 (6, 364)
    36 (2, 56)
        20 (1, 20)


99 (1, 99)




84 (1, 84)




43 (1, 43)


43 (2, 61)
    18 (1, 18)


43 (1, 43)




56 (1, 56)


56 (2, 91)
    35 (1, 35)


56 (3, 104)
    35 (2, 48)
        13 (1, 13)


56 (4, 118)
    35 (3, 62)
            14 (1, 14)
        13 (2, 27)


    91 (1, 91)
56 (5, 209)
    35 (3, 62)
            14 (1, 14)
        13 (2, 27)


    91 (1, 91)
56 (6, 257)
        48 (1, 48)
    35 (4, 110)
            14 (1, 14)
        13 (2, 27)


    91 (1, 91)
56 (7, 264)
        48 (1, 48)
    35 (5, 117)
            14 (1, 14)
        13 (3, 34)
            7 (1, 7)


    91 (1, 91)
56 (6, 257)
        48 (1, 48)
    35 (4, 110)
            14 (1, 14)
        13 (2, 27)


    91 (1, 91)
56 (5, 222)
    48 (3, 75)
            14 (1, 14)
        13 (2, 27)


    91 (1, 91)
56 (4, 209)
    48 (2, 62)
        14 (1, 14)


56 (3, 118)
    48 (2, 62)
        14 (1, 14)


56 (4, 160)
    48 (3, 104)
            42 (1, 42)
        14 (2, 56)


56 (4, 160)
    48 (3, 104)
            42 (1, 42)
        14 (2, 56)

test_query_ksum: PASSED

All tests passed!
The run time is: 0.044s	