test_insert: PASSED
test_rebuild: PASSED
test_erase: PASSED
            7 (1, 7)
        6 (2, 13)
    5 (3, 17)
        4 (1, 4)
3 (5, 22)
        2 (1, 2)
    1 (1, 2)

79 (1, 79)

79 (2, 81)
    2 (1, 2)

2 (1, 2)

    90 (1, 90)
2 (2, 92)

    90 (2, 148)
        58 (1, 58)
2 (3, 150)

    90 (1, 90)
58 (2, 148)

    90 (1, 90)
58 (3, 175)
    27 (1, 27)

        92 (1, 92)
    90 (2, 182)
58 (4, 267)
    27 (1, 27)

        92 (1, 92)
    90 (2, 182)
58 (3, 209)
    27 (1, 27)

        92 (1, 92)
    90 (2, 182)
58 (4, 250)
        41 (1, 41)
    27 (2, 68)

        92 (1, 92)
    90 (2, 182)
58 (3, 209)
        41 (0, 0)
    27 (1, 27)

        92 (1, 92)
    90 (2, 182)
58 (4, 248)
        39 (1, 39)
    27 (2, 66)

        92 (1, 92)
    90 (2, 182)
58 (3, 221)
        39 (1, 39)
    27 (1, 39)

        92 (1, 92)
    90 (3, 272)
58 (4, 311)
        39 (1, 39)
    27 (1, 39)

        92 (1, 92)
    90 (3, 272)
58 (5, 352)
            41 (1, 41)
        39 (2, 80)
    27 (2, 80)

        92 (1, 92)
    90 (2, 182)
58 (4, 262)
        41 (1, 41)
    39 (2, 80)

        92 (1, 92)
    90 (2, 182)
58 (3, 221)
        41 (0, 0)
    39 (1, 39)

        92 (1, 92)
    90 (3, 249)
        67 (1, 67)
58 (4, 288)
        41 (0, 0)
    39 (1, 39)

        92 (1, 92)
    90 (3, 249)
        67 (1, 67)
58 (5, 335)
            47 (1, 47)
        41 (1, 47)
    39 (2, 86)

        92 (1, 92)
    90 (2, 159)
        67 (1, 67)
58 (4, 245)
        47 (1, 47)
    39 (2, 86)

        92 (1, 92)
    90 (2, 159)
        67 (1, 67)
58 (5, 260)
        47 (1, 47)
    39 (3, 101)
        15 (1, 15)

test_query_kth: PASSED

90 (1, 90)


90 (2, 93)
    3 (1, 3)


90 (3, 100)
        7 (1, 7)
    3 (2, 10)


90 (2, 93)
        7 (0, 0)
    3 (1, 3)


90 (3, 108)
        15 (1, 15)
    3 (2, 18)


90 (2, 93)
        15 (0, 0)
    3 (1, 3)


90 (3, 157)
        64 (1, 64)
    3 (2, 67)


    64 (1, 64)
3 (2, 67)


    64 (2, 100)
        36 (1, 36)
3 (3, 103)


        83 (1, 83)
    64 (3, 183)
        36 (1, 36)
3 (4, 186)


    83 (1, 83)
64 (3, 183)
    36 (1, 36)


    83 (1, 83)
64 (4, 195)
    36 (2, 48)
        12 (1, 12)


    83 (2, 161)
        78 (1, 78)
64 (5, 273)
    36 (2, 48)
        12 (1, 12)


    83 (2, 161)
        78 (1, 78)
64 (4, 261)
    36 (1, 36)
        12 (0, 0)


    83 (3, 229)
        78 (2, 146)
            68 (1, 68)
64 (5, 329)
    36 (1, 36)
        12 (0, 0)


    83 (3, 229)
        78 (2, 146)
            68 (1, 68)
64 (4, 265)
    36 (1, 36)
        12 (0, 0)


        83 (1, 83)
    79 (2, 162)
78 (5, 344)
        68 (1, 68)
    36 (2, 104)


        83 (1, 83)
    79 (2, 162)
78 (6, 364)
        68 (1, 68)
    36 (3, 124)
        20 (1, 20)


99 (1, 99)


99 (0, 0)


84 (1, 84)


84 (0, 0)


43 (1, 43)


43 (2, 61)
    18 (1, 18)


43 (1, 43)
    18 (0, 0)


43 (0, 0)
    18 (0, 0)


56 (1, 56)


56 (2, 91)
    35 (1, 35)


56 (3, 104)
    35 (2, 48)
        13 (1, 13)


56 (4, 118)
    35 (3, 62)
            14 (1, 14)
        13 (2, 27)


    91 (1, 91)
56 (5, 209)
    35 (3, 62)
            14 (1, 14)
        13 (2, 27)


    91 (1, 91)
56 (6, 257)
        48 (1, 48)
    35 (4, 110)
            14 (1, 14)
        13 (2, 27)


    91 (1, 91)
56 (7, 264)
        48 (1, 48)
    35 (5, 117)
            14 (1, 14)
        13 (3, 34)
            7 (1, 7)


    91 (1, 91)
56 (6, 257)
        48 (1, 48)
    35 (4, 110)
            14 (1, 14)
        13 (2, 27)
            7 (0, 0)


    91 (1, 91)
56 (5, 222)
        48 (1, 48)
    35 (3, 75)
            14 (1, 14)
        13 (2, 27)
            7 (0, 0)


    91 (1, 91)
56 (4, 209)
        48 (1, 48)
    35 (2, 62)
        14 (1, 14)


    91 (0, 0)
56 (3, 118)
        48 (1, 48)
    35 (2, 62)
        14 (1, 14)


    91 (0, 0)
56 (4, 160)
        48 (2, 90)
            42 (1, 42)
    35 (3, 104)
        14 (1, 14)


    91 (0, 0)
56 (4, 160)
        48 (2, 90)
            42 (1, 42)
    35 (3, 104)
        14 (1, 14)

test_query_ksum: PASSED

All tests passed!
The run time is: 0.256s	